[[10, 20]] 0
[[10], [20]] 0
[[10, 30]] 0
[[10], [30]] 0
[[10, 40]] 6
[[10], [40]] 6
[[10, 50]] 4
[[10], [50]] 0
[[10, 70]] 0
[[10], [70]] 0
[[10, 80]] 0
[[10], [80]] 0
[[20, 30]] 6
[[20], [30]] 4
[[20, 40]] 0
[[20], [40]] 0
[[20, 50]] 0
[[20], [50]] 2
[[20, 70]] 4
[[20], [70]] 6
[[20, 80]] 2
[[20], [80]] 4
[[30, 40]] 0
[[30], [40]] 0
[[30, 50]] 0
[[30], [50]] 2
[[30, 70]] 6
[[30], [70]] 6
[[30, 80]] 4
[[30], [80]] 4
[[40, 50]] 4
[[40], [50]] 0
[[40, 70]] 0
[[40], [70]] 0
[[40, 80]] 0
[[40], [80]] 0
[[50, 70]] 2
[[50], [70]] 0
[[50, 80]] 0
[[50], [80]] 0
[[70, 80]] 6
[[70], [80]] 0
